group,ph,temperature,activity
7,9,20,0.0305
5,9,20,0.03
4,9,40,0.0571
10,7,30,0.0442
3,7,40,0.0393
10,9,20,0.0288
7,9,20,0.0332
9,5,40,0.0314
2,5,30,0.0389
9,7,30,
1,9,40,0.0629
1,9,40,0.0589
9,5,20,0.0489
6,9,40,0.0448
9,7,40,
9,9,20,0.0294
6,5,40,0.0357
2,7,40,0.0408
8,7,30,0.0481
4,5,40,0.0311
2,7,20,ERROR
7,9,30,0.0421
6,5,20,0.043
6,9,40,0.0532
2,9,30,0.0423
8,7,30,0.044
7,5,30,0.0425
1,5,30,-1
8,7,30,0.0456
6,5,20,0.0472
2,9,30,0.0509
1,5,30,0.0428
1,5,40,0.0339
1,5,20,0.0468
1,5,20,0.0535
6,9,30,0.042
6,7,40,0.0436
2,5,40,0.0351
9,5,30,0.0332
1,9,30,0.0416
2,9,20,0.0328
2,7,30,0.048
10,9,40,ERROR
7,7,40,-1
6,5,20,0.0479
3,7,40,0.0436
9,5,20,0.0499
9,5,20,0.0625
4,7,20,0.0456
1,7,40,0.0458
6,9,40,0.0525
7,7,30,-1
4,7,30,ERROR
4,7,20,0.0422
2,9,20,0.0263
8,7,20,0.0426
6,5,40,0.0392
5,7,30,0.0515
4,5,40,0.0284
6,7,30,-1
3,7,30,0.044
10,9,40,0.0468
8,7,40,
4,5,40,0.0271
4,9,30,
7,5,20,0.0664
7,7,20,0.0411
7,7,40,0.0395
5,5,40,0.0345
4,9,30,-1
10,7,40,0.0501
5,5,30,0.0401
7,9,40,0.0569
2,7,40,0.0521
9,7,30,0.0402
5,7,20,0.048
9,9,40,0.0558
4,7,20,0.0401
6,7,40,0.0441
5,5,20,0.0491
1,7,30,0.0412
6,9,30,0.0366
3,7,20,0.0476
4,7,40,0.0526
2,7,20,0.0516
2,5,40,0.034
5,7,30,0.0456
6,9,20,-1
1,9,20,-1
3,7,30,0.0462
8,5,30,0.0342
6,7,40,0.0425
10,9,30,0.0537
7,7,30,0.0478
2,9,40,0.064
10,7,20,0.0448
1,5,20,ERROR
8,5,20,0.0599
5,5,30,ERROR
8,5,20,0.0635
3,5,40,0.0294
6,9,20,0.0303
6,7,20,0.043
5,9,40,0.0582
2,7,20,0.0495
7,7,30,0.0453
8,7,40,0.0501
10,5,20,0.0581
2,7,30,ERROR
3,5,40,0.0286
6,5,20,-1
1,7,20,0.0401
6,7,30,0.0395
8,5,40,0.0324
6,9,20,0.0273
5,5,30,0.0357
8,9,20,0.0287
6,9,30,
2,9,20,0.0297
9,9,20,0.0293
3,9,40,
1,9,30,0.0408
7,5,30,0.0374
3,9,20,0.0302
3,5,30,0.0334
8,9,30,0.0415
2,5,40,0.0284
3,9,40,0.0603
3,5,30,0.0338
7,5,40,0.036
10,9,20,0.0313
10,5,40,0.0281
2,7,40,0.0481
1,5,40,0.0335
5,5,30,
2,7,30,0.048
3,5,30,0.0444
8,5,20,0.0632
8,5,40,0.0317
1,7,20,-1
5,9,30,
7,9,30,0.0434
3,9,20,0.0285
9,7,30,0.0461
5,9,30,0.0384
9,9,40,0.0561
10,9,40,-1
4,9,40,0.0558
5,7,20,0.0465
4,9,40,-1
6,5,20,0.0559
3,7,40,0.0418
1,9,30,0.0455
4,7,40,0.0446
10,5,40,
8,7,30,0.0461
6,9,30,0.0427
10,7,30,0.0398
5,7,40,0.0464
7,9,20,0.0287
3,7,40,-1
1,5,40,0.0331
7,5,20,0.0534
9,9,30,0.0422
4,5,30,0.0377
8,7,20,0.0426
5,7,20,0.0423
10,7,30,0.0371
10,5,30,0.0326
1,9,20,0.0303
10,5,20,0.062
5,7,20,0.043
6,7,20,0.0401
8,5,30,0.0384
5,5,20,0.0553
3,7,20,0.0378
2,9,20,0.0237
8,5,30,0.0381
6,9,20,0.0288
1,7,30,0.05
7,9,30,0.0464
9,7,40,0.0461
4,7,40,0.04
5,9,40,0.0529
2,9,40,0.055
3,7,30,0.0429
7,7,40,ERROR
7,5,40,0.0349
7,7,20,0.0519
2,5,40,0.0305
8,9,30,0.0379
8,7,40,0.0447
7,7,40,0.0512
4,7,30,0.0507
3,9,40,0.057
3,9,20,0.0283
5,9,30,0.0384
8,5,30,0.0347
3,5,30,0.0338
10,7,30,0.0522
5,5,20,0.0563
9,9,20,0.0254
3,9,20,0.0247
9,9,40,0.0425
1,5,30,0.0401
7,7,20,0.0461
3,9,40,0.0633
7,9,40,0.0504
4,5,40,0.0353
8,9,20,0.0317
2,5,40,0.0303
8,5,40,0.0312
4,7,30,0.0434
9,5,40,0.0327
9,5,40,0.0328
3,7,30,0.0486
8,7,40,0.0384
2,7,30,0.047
9,5,20,0.0585
10,5,30,0.0459
4,5,30,0.0373
10,5,20,ERROR
7,5,40,0.0351
5,9,40,0.057
10,9,30,0.0431
7,5,20,
10,7,40,-1
1,7,40,0.0466
8,9,20,0.0298
9,7,20,ERROR
9,7,40,0.0473
4,7,30,0.0443
5,9,20,0.0308
2,5,30,0.0303
10,5,30,0.0292
4,7,40,
9,9,20,0.0335
4,9,30,0.0394
5,7,30,0.042
7,7,30,
9,9,30,ERROR
1,7,40,
9,7,40,0.044
6,7,40,0.045
7,9,20,0.0293
4,7,40,-1
3,9,30,0.0379
8,9,40,0.0551
4,5,20,0.0565
2,7,20,0.0413
9,5,40,0.0337
9,9,40,0.0543
2,5,20,0.0659
1,5,30,0.0391
7,9,40,0.0546
8,9,30,0.0402
10,7,20,0.0587
5,5,20,0.0478
9,7,20,0.0418
2,7,30,ERROR
4,9,20,0.0302
1,5,40,0.0308
7,9,40,0.0592
3,9,30,0.0415
5,7,40,0.0504
9,7,20,
10,9,30,0.0463
5,7,40,0.0538
4,5,20,0.0639
9,5,30,0.0325
8,7,30,0.0497
4,5,20,0.0633
4,9,20,0.0309
8,7,20,0.0413
1,9,40,0.0504
8,9,30,0.0417
9,9,40,0.0501
3,7,20,0.0419
7,7,20,
8,9,20,0.0317
7,9,20,0.0256
2,5,30,0.0331
5,5,30,0.0394
6,5,30,0.0392
9,9,30,0.0474
6,7,20,0.0433
1,9,40,0.0671
7,5,30,0.0298
5,9,20,0.0309
4,7,20,0.0434
2,7,40,0.0397
9,9,20,0.0352
3,5,40,0.0362
5,7,40,0.0394
2,9,40,0.0601
5,5,40,0.0279
1,5,30,0.0411
3,5,30,0.0381
4,5,20,0.0498
7,5,20,ERROR
